Sample File,C:\Documents and Settings\Administrator\Desktop\Pier2009\SMPS\SMPS_080809_w_drier.S80
Classifier Model,3080
DMA Model,3081
DMA Inner Radius(cm),0.00937
DMA Outer Radius(cm),0.01961
DMA Characteristic Length(cm),0.44369
CPC Model,3010
Gas Viscosity (kg/(m*s)),1.8203e-005
Mean Free Path (m),6.65e-008
Channels/Decade,64
Multiple Charge Correction,FALSE
Units,dw/dlogDp
Weight,Number
Sample #,1,2,3,4,5,6,7,8,9,10,11,12,13,14,15
Date,08/08/09,08/08/09,08/08/09,08/08/09,08/08/09,08/08/09,08/08/09,08/08/09,08/08/09,08/08/09,08/08/09,08/08/09,08/08/09,08/08/09,08/08/09
Start Time,15:51:39,15:56:39,16:01:39,16:06:39,16:11:39,16:16:39,16:21:39,16:26:39,16:31:39,16:36:39,16:41:39,16:46:39,16:51:39,16:56:39,17:01:39
Diameter Midpoint
 12.6,425.927,43.9311,114.919,2509.05,0,850.152,496.915,0,43.9311,0,0,141.976,0,0,70.9878
 13.1,548.581,0,65.6945,1631.32,65.6945,542.749,0,0,0,65.6945,0,131.389,23.024,197.084,65.6945
 13.6,222.84,0,122.12,2011.86,0,772.391,183.18,0,0,0,0,61.06,39.6602,0,61.06
 14.1,57.0364,0,57.0364,1626.58,0,435.889,187.762,114.073,57.0364,57.0364,0,57.0364,57.0364,0,0
 14.6,213.748,0,0,1407.28,53.4371,452.056,198.147,53.4371,0,0,0,0,0,0,0
 15.1,151.027,50.3423,0,1344.98,0,435.715,0,0,0,0,0,100.685,0,0,0
 15.7,47.5473,0,0,1457.87,0,218.405,0,0,47.5473,0,47.5473,95.0947,0,47.5473,0
 16.3,90.0357,0,90.0357,1048.14,0,315.125,135.054,0,0,45.0178,0,45.0178,0,0,0
 16.8,85.4494,0,0,890.224,42.7247,170.899,85.4494,0,0,0,42.7247,85.4494,0,0,0
 17.5,0,40.698,40.698,688.816,0,241.136,40.698,0,0,40.698,0,0,37.646,0,40.698
 18.1,116.436,38.8119,38.8119,248.68,51.7099,158.158,38.8119,38.8119,38.8119,38.8119,38.8119,0,2.91058,0,0
 18.8,37.1414,74.2827,37.1414,321.93,61.9399,74.2827,0,64.24,0,0,0,0,0,37.1414,0
 19.5,35.5805,71.161,4.14327,110.885,0,106.741,0,9.62074,35.5805,0,0,0,0,0,0
 20.2,0,34.1572,64.3368,234.604,0,118.772,68.3144,68.3144,0,0,0,0,0,34.1572,0
 20.9,93.69,0,98.3784,230.048,0,115.522,32.7928,0,0,0,32.7928,60.8972,0,32.7928,32.7928
 21.7,36.1004,0,63.1695,94.7543,31.5848,0,31.5848,101.382,31.5848,0,31.5848,67.6852,69.7973,31.5848,6.62773
 22.5,0,60.9092,124.885,182.728,30.4546,91.3638,30.4546,84.9732,0,0,0,0,24.064,0,115.428
 23.3,29.3946,58.7892,26.4351,198.591,29.3946,117.578,0,88.1839,58.7892,0,0,29.3946,58.7892,58.7892,29.3946
 24.1,84.7798,84.7798,113.04,187.325,0,84.7798,84.7798,0,0,28.2599,0,84.7798,84.7798,28.2599,0
 25.0,82.165,27.3883,123.048,263.348,82.165,82.165,27.3883,109.553,68.2714,54.7767,0,27.3883,54.7767,0,150.436
 25.9,206.853,79.7776,199.638,159.555,127.075,73.8899,79.7776,79.7776,167.158,106.37,0,100.482,79.7776,53.1851,40.0825
 26.9,265.132,51.6284,154.885,104.531,108.972,187.689,54.1765,129.071,57.3438,103.257,52.9025,108.972,77.4426,78.7167,129.071
 27.9,222.713,64.9111,57.3379,155.639,74.647,180.522,229.058,124.412,74.647,281.279,230.286,74.647,99.5293,163.212,49.7646
 28.9,110.025,154.79,175.311,223.749,206.901,307.475,126.873,145.313,96.8755,175.311,89.5042,48.4378,48.4378,46.8449,206.901
 30.0,285.906,181.639,186.821,197.841,215.725,199.522,80.873,93.5747,134.852,127.66,23.3937,116.968,140.362,80.873,280.395
 31.1,256.213,255.486,329.995,294.995,119.39,329.995,136.822,68.4111,164.997,114.019,205.233,180.249,136.095,90.4879,146.838
 32.2,244.658,271.017,347.258,290.559,225.824,203.583,95.7829,299.366,155.691,140.266,289.141,294.677,115.325,52.0087,178.642
 33.4,294.054,240.749,360.205,172.491,355.434,182.943,302.129,428.194,129.368,309.008,129.368,305.433,197.626,309.008,193.126
 34.6,228.197,307.948,298.154,272.517,450.256,249.275,150.612,393.747,199.49,291.43,220.568,277.076,171.689,239.481,168.035
 35.9,297.47,156.764,256.539,369.822,404.557,248.135,297.47,228.774,321.591,370.927,133.747,174.678,227.669,322.696,230.221
 37.2,442.161,336.38,274.235,375.91,332.802,456.553,294.263,352.303,178.211,302.489,388.241,434.464,222.374,358.997,330.743
 38.5,364.098,338.628,522.946,510.854,334.192,383.745,328.197,521.457,418.087,275.94,221.778,254.733,449.482,196.308,371.582
 40.0,433.351,592.521,482.393,657.953,386.999,357.532,361.381,520.551,399.539,558.669,309.607,277.451,379.384,344.495,369.576
 41.4,452.768,523.297,385.49,524.477,486.146,624.379,415.617,306.002,375.873,440.558,329.173,437.375,295.795,464.977,430.187
 42.9,421.479,671.513,710.708,424.022,591.361,392.677,546.552,497.215,328.087,419.048,385.162,473.693,473.916,450.616,663.579
 44.5,640.532,683.881,780.131,512.163,432.866,417.918,465.35,528.824,455.433,458.533,438.043,494.043,404.537,475.558,463.637
 46.1,712.899,655.256,614.196,689.106,731.007,715.424,688.625,425.408,648.408,590.765,433.098,486.215,585.759,509.007,581.03
 47.8,736.85,738.857,601.514,744.227,584.312,439.471,655.768,428.532,743.533,604.756,518.425,646.262,537.359,393.212,485.112
 49.6,833.416,655.307,729.451,829.654,669.106,637.495,803.823,682.046,726.754,566.23,660.858,598.724,417.692,843.477,696.956
 51.4,791.647,922.444,780.761,623.653,594.752,611.786,731.894,740.153,633.09,711.411,622.205,672.251,677.417,741.601,769.875
 53.3,1022.93,1088.98,898.233,929.95,814.718,740.544,896.891,907.303,744.709,561.017,771.452,733.489,648.698,722.268,874.519
 55.2,992.101,928.341,1356.42,1082.31,909.873,804.846,952.335,828.76,683.046,971.428,1066.54,814.569,792.122,781.205,736.97
 57.3,994.531,966.817,917.839,943.105,1129.84,990.799,861.744,836.477,958.07,787.537,869.83,766.002,633.177,785.36,814.043
 59.4,1043.13,1047.41,1151.36,929.439,910.392,1213.92,956.388,913.653,959.649,1343.92,1199.05,918.334,940.943,773.581,993.022
 61.5,977.946,1286.53,1247.16,1085.71,1138.13,1124.7,1010.56,1021.03,968.877,1044.17,1050.81,901.235,928.217,1050.56,909.04
 63.8,1177.81,994.089,1323.5,1565.4,1153.71,1047.04,937.827,1163.74,1077.86,972.813,1167.77,863.738,1093.2,1091.5,719.675
 66.1,1472.92,1301.01,1171.45,1340.7,1274.15,872.694,1207.24,1027.51,1147.19,1055.73,1326.68,1123.47,1246.52,1360.64,1203.63
 68.5,1700.58,1377.87,1488.82,1307.88,1354.13,1188.78,1099.68,1211.19,1135.67,1286.37,1041.3,988.982,1084.12,1206.99,1161.75
 71.0,1802.84,1287.94,1447.52,1226.49,1267.62,1246.58,1433.23,1338.42,1276.64,1208.68,1241.37,1273.42,1249.47,1195.68,1149.79
 73.7,1540.56,1438.98,1787.23,1547.29,1372.05,1267.29,1469.43,1422.34,1566.84,1358.59,1404.42,1363.72,1318.23,1344.51,1418.18
 76.4,1792.28,1400.57,1509.4,1405.43,1430.21,1400.36,1251.61,1323.32,1238.57,1434.28,1266.48,1373.72,1587.85,1321.1,1259.55
 79.1,1465.44,1405.03,1505.56,1548.19,1214.55,1438.99,1561.99,1471.17,1518.64,1323.91,1614.03,1204.12,1359.91,1563.92,1560.68
 82.0,1772.44,1588.04,1798.57,1356.18,1324.95,1551.02,1489.8,1531.38,1491.74,1513.15,1445.52,1330.75,1426.5,1143.18,1334.07
 85.1,1418.76,1463.83,1468.44,1533.21,1210.1,1135.77,1387.85,1450.37,1469.57,1450.2,1239.2,1328.37,1384.89,1291.38,1403.49
 88.2,1120.14,1325.28,1521.43,1572.71,1270.54,1229.09,1231.59,1473.7,1571.22,1402.39,1490.12,1284.84,1377.29,1314.29,1239.52
 91.4,1461.73,1183.06,1409.06,1285.63,1471.22,1275.78,1132.37,1082.03,1125.36,1456.11,1351.8,1394.61,1184.45,1341.59,1149.15
 94.7,1012.69,1340.3,1153.63,1058.94,1164.23,1236.95,1340.39,1472.46,1112.08,1116.82,1305.73,1192.8,1245.37,1116.7,1076.4
 98.2,1102.05,1205.87,1069.85,1263.5,1139.27,1325.97,1155.56,1010.64,1194.65,1195.71,1116.15,1165.46,1137.37,1116.15,1193.53
101.8,1159.35,934.271,966.061,906.59,1202.93,985.494,1179.45,1264.6,1146.14,1315.82,1030.56,1169.03,1252.12,1246.66,1124.03
105.5,1237.52,1027.68,1108.75,1329.44,1132.78,1098.94,1193.43,1013.06,1447.9,1030.06,1100.8,1361.75,1229.51,1216.83,1077.13
109.4,1365.4,1187.06,1250.65,1152.07,1093.67,1195.7,1146.41,1148.61,1096.49,1161.03,1058.02,771.379,1061.19,1179.82,1334.59
113.4,1213.9,1222.64,1377.65,1312.08,1156.18,1306.76,1231.37,1392.71,1412.8,1335.35,1033.56,1080.79,1015.22,1227.74,1269.29
117.6,1121.45,1085.71,1124.97,1225.17,1124.97,1410.11,1303.05,1011.9,1334.83,1287.49,1241.38,1231.01,975.32,1123.5,1157.1
121.9,1459.92,1380.04,1312.94,1362.69,1152.03,1287.66,1195.02,1269.77,1218.18,1355.94,1334.76,1389.26,1293.87,1454.72,1338.4
126.3,1155.5,1183.14,1149.25,1397.21,1520.76,1307.61,1703.92,1325.13,1076.06,1281.13,1154.52,1299.64,1233.68,1482.9,1086.46
131.0,1139.52,1278.51,1396.79,1341.03,1190.56,1305.12,1679.28,1533.61,1327.51,1349.06,1306.88,1181.18,1361.58,1392.78,1435.88
135.8,1342.89,1071.06,1497.37,1450.76,1446.09,1481.31,1660.05,1538.59,1548.79,1490.82,1497.1,1555.6,1369.2,1264.98,1263.91
140.7,1689.52,1333.76,1345.51,1425.64,1432.54,1437.37,1513.7,1563.14,1365.16,1481.72,1607.9,1292.09,1433.73,1408.43,1384.78
145.9,1624.64,1457.1,1491.1,1535.7,1757.12,1540.23,1524.97,1413.18,1447.47,1626.33,1652.41,1292.91,1458.38,1774.25,1673.9
151.2,1540.15,1603.48,1551.84,1517.53,1577.82,1613.89,1608.09,1561.87,1473.72,1575.12,1516.28,1610.09,1438.03,1305.41,1413.24
156.8,1576.37,1586.71,1656.99,1588.72,1743.52,1590.71,1466.82,1813.26,1620.7,1715.62,1858.02,1405.96,1367.24,1719.4,1354.53
162.5,1591.1,1930.55,1609.09,1574.22,1634.44,1668.59,1569.85,1810.9,1609.47,1862.27,1551.9,1755.78,1623.27,1801.74,1666.22
168.5,2029.83,1634.89,1737.15,1958.9,1609.79,1810.75,1781.95,1865.18,1983.95,1726.94,1618.26,1566.33,1523.9,1679.33,1518.47
174.7,1865.29,1837.19,1679.68,1356.98,1851.32,2107.16,1424.89,1745.92,1486.27,1917.5,1756.39,1690.38,1485.11,1801.68,1719.9
181.1,2063.76,2023.47,1841.65,2056.43,2024.33,1736.45,1813.74,1893.98,1828.28,1559.47,1896.73,1725.45,1745.29,1904.59,1643.97
187.7,1885.31,1966.64,1847.99,1506.91,1955.81,1876.83,1570.67,1899.99,1561.58,1657.1,1626.14,1961.85,1659.96,1801.61,1663.46
194.6,1858.27,1816.19,1772.18,1769.83,1466.35,2003.03,1773.88,1786.82,1995.17,1691.54,1689.79,2169.56,1501.49,1851.63,1545.62
201.7,1805.78,1820.77,1928.9,1539.5,1389.35,1333.73,1818.11,1777.3,1725.26,1969.06,1533.79,1685.01,1693.85,1733.66,1723.75
209.1,1789.96,1698.41,1742.07,1807.56,1700.43,1659.74,1717.14,1552.79,1482.44,1766.86,1460.87,1649.26,1892.98,1719.29,1887.75
216.7,1819.86,1752.35,1603.1,1657.9,2018.73,1497.98,1918.19,1478.79,1725.91,1405.02,1807.17,1749.5,1503.23,1615.11,2025.24
224.7,1494.94,1880.43,1610.26,1556.21,1595.82,1773.97,1560.06,1908.17,1628.11,1914.93,1652.36,1935.43,1502.39,1879.27,1930.93
232.9,1776.18,1594.36,1820.85,1611.19,1594.95,1942.49,1707.76,1722.51,1784.65,1609.07,1471.59,1860.53,1363.72,1600.19,1407.08
241.4,1548.87,1663.45,1572.19,1612.24,1806.74,1534.39,1412.59,1538.88,1347.68,1813.56,1573.06,1490.91,1724.77,1501.93,1626.85
250.3,1381.72,1220.46,1683.7,1486.54,1606.09,1635.39,1652.91,1400.61,1338.41,1642.83,1264.35,1532.68,1623.13,1292.34,1473.99
259.5,1095.15,1363.72,1490.03,1560.77,1397.01,1433.8,1530.64,1300,1435.54,1415.78,1709.25,1456.27,1291.54,1258.09,1441.46
269.0,1182.27,1491.26,1514.47,1414.35,1170.3,1537.53,1519.8,1464.52,1405.78,1330.93,1555.1,1394.47,1420.73,1451.27,1247.33
278.8,1541.35,1394.66,1314.79,1313.18,1280.37,1275.78,1295.4,1388.82,1097.84,1395.03,1568.37,1401.46,1348.2,1177.71,1243.75
289.0,1374.04,1358.61,1353.2,1451.07,1378.15,1230.72,1355.69,1067.49,1007.66,1332.41,1004.08,1256.85,1098.68,1253.17,1120.63
299.6,1316.08,1237.22,1459.88,1017.73,1394.8,1001.19,1120.45,1119.63,1323.11,1150.36,1417.56,941.76,1223.98,1062.95,1245.09
310.6,1305.39,1241.82,1024.11,1027.87,1090.24,1306.58,1229.86,975.585,1377.33,1318.71,1238.4,1103.22,983.43,838.011,1002.41
322.0,1221.77,1046.87,972.066,1127.7,911.527,1122.12,997.669,884.519,983.658,1055.09,946.289,949.659,986.326,970.615,948.209
333.8,1037.91,1025.3,1047.08,965.151,1090.58,968.774,957.159,1008.45,842.913,886.041,919.337,842.815,765.012,880.234,979.718
346.0,866.406,1044.82,1022.03,987.879,879.696,819.128,1099.35,685.905,761.961,939.113,851.03,710.669,762.836,923.849,778.712
358.7,715.465,890.071,724.888,765.635,880.265,586.066,608.229,718.399,890.071,848.679,835.555,851.613,864.354,744.116,669.232
371.8,483.673,766.197,624.745,739.393,684.563,870.412,693.319,579.51,954.408,739.354,785.692,954.408,543.91,759.687,740.876
385.4,512.919,776.012,570.284,555.35,775.546,480.688,663.45,660.622,658.138,551.163,443.722,517.299,646.153,478.396,482.898
399.5,599.795,687.54,617.587,443.288,520.479,674.297,508.714,564.675,467.567,548.834,364.434,511.116,605.083,421.421,509.638
414.2,556.256,611.928,494.611,407.529,423.204,436.556,471.557,410.584,520.583,597.308,375.506,407.529,499.989,513.281,401.418
429.4,586.708,384.602,459.291,455.629,392.378,468.372,416.95,338.93,316.715,426.03,601.868,426.422,414.532,384.994,311.418
445.1,358.949,276.606,373.269,345.641,428.467,386.577,359.961,490.107,363.395,275.139,359.961,314.579,310.647,451.65,354.532
461.4,358.498,354.017,263.015,334.787,286.615,468.731,233.961,291.207,272.143,425.094,191.132,338.573,167.477,334.092,224.777
478.3,280.404,211.375,349.097,349.433,306.815,275.717,328.14,257.303,110.207,174.548,258.406,408.751,207.791,294.897,302.128
495.8,217.16,377.604,209.652,263.152,292.597,269.024,165.778,282.943,142.261,274.924,209.68,215.552,122.47,159.906,237.489
514.0,234.946,227.383,118.729,211,186.319,222.398,218.563,190.782,250.808,126.92,129.5,126.92,190.154,227.383,60.654
532.8,123.075,196.177,191.928,52.5897,111.959,168.798,123.075,139.338,102.562,207.742,107.261,191.928,143.587,93.6147,184.613
552.3,186.302,104.079,57.6797,124.895,115.36,119.607,207.638,120.127,124.375,124.375,119.607,99.3114,62.4475,103.559,144.15
Scan Up Time(s),120,120,120,120,120,120,120,120,120,120,120,120,120,120,120
Retrace Time(s),15,15,15,15,15,15,15,15,15,15,15,15,15,15,15
Down Scan First,FALSE,FALSE,FALSE,FALSE,FALSE,FALSE,FALSE,FALSE,FALSE,FALSE,FALSE,FALSE,FALSE,FALSE,FALSE
Scans Per Sample,2,2,2,2,2,2,2,2,2,2,2,2,2,2,2
Impactor Type(cm),0.071,0.071,0.071,0.071,0.071,0.071,0.071,0.071,0.071,0.071,0.071,0.071,0.071,0.071,0.071
Sheath Flow(lpm),4,4,4,4,4,4,4,4,4,4,4,4,4,4,4
Aerosol Flow(lpm),0.4,0.4,0.4,0.4,0.4,0.4,0.4,0.4,0.4,0.4,0.4,0.4,0.4,0.4,0.4
CPC Inlet Flow(lpm),1,1,1,1,1,1,1,1,1,1,1,1,1,1,1
CPC Sample Flow(lpm),1,1,1,1,1,1,1,1,1,1,1,1,1,1,1
Low Voltage,10.6517,10.6517,10.6517,10.6517,10.6517,10.6517,10.6517,10.6517,10.6517,10.6517,10.6517,10.6517,10.6517,10.6517,10.6517
High Voltage,9772.1,9772.1,9772.1,9772.1,9772.1,9772.1,9772.1,9772.1,9772.1,9772.1,9772.1,9772.1,9772.1,9772.1,9772.1
Lower Size(nm),12.4094,12.4094,12.4094,12.4094,12.4094,12.4094,12.4094,12.4094,12.4094,12.4094,12.4094,12.4094,12.4094,12.4094,12.4094
Upper Size(nm),562.341,562.341,562.341,562.341,562.341,562.341,562.341,562.341,562.341,562.341,562.341,562.341,562.341,562.341,562.341
Density(g/cc),1.2,1.2,1.2,1.2,1.2,1.2,1.2,1.2,1.2,1.2,1.2,1.2,1.2,1.2,1.2
Title,,,,,,,,,,,,,,,
Status Flag,Normal Scan,Normal Scan,Normal Scan,Normal Scan,Normal Scan,Normal Scan,Normal Scan,Normal Scan,Normal Scan,Normal Scan,Normal Scan,Normal Scan,Normal Scan,Normal Scan,Normal Scan
td(s),2.1975,2.1975,2.1975,2.1975,2.1975,2.1975,2.1975,2.1975,2.1975,2.1975,2.1975,2.1975,2.1975,2.1975,2.1975
tf(s),5.64061,5.64061,5.64061,5.64061,5.64061,5.64061,5.64061,5.64061,5.64061,5.64061,5.64061,5.64061,5.64061,5.64061,5.64061
D50(nm),1102.14,1102.14,1102.14,1102.14,1102.14,1102.14,1102.14,1102.14,1102.14,1102.14,1102.14,1102.14,1102.14,1102.14,1102.14
Median(nm),137.954,146.482,138.104,111.994,145.485,137.982,141.247,143.061,144.128,146.145,146.046,148.776,144.606,145.637,144.703
Mean(nm),159.336,166.466,160.687,138.878,165.809,158.718,164.048,163.556,165.441,166.867,166.552,167.366,165.861,165.692,164.863
Geo. Mean(nm),124.894,134.025,128.341,92.7884,134.211,119.978,131.311,132.847,135.401,136.034,136.979,135.577,136,135.805,134.304
Mode(nm),181.056,181.056,201.691,12.6346,181.056,174.658,216.739,224.679,194.564,201.691,181.056,194.564,209.08,181.056,216.739
Geo. Std. Dev.,2.11121,1.98743,2.02172,2.74618,1.97261,2.29198,2.03686,1.96142,1.93084,1.94816,1.91204,1.98845,1.92652,1.92951,1.95413
Total Concentration(#/cm³),1424.38,1364.94,1399.82,1605.59,1331.46,1405.3,1345.24,1318.47,1288.33,1335.1,1283.26,1285.95,1231.56,1280.71,1264.58
Comment,,,,,,,,,,,,,,,
